UndergroundCultChamber,-13893,-13851,2229,2261
UndergroundTreeoid,-13899,-13876,2356,2382
ShrineSmallWater,-13934,-13926,2349,2357
BrickHenge,-14040,-14024,2251,2267
BrickHenge,-14090,-14074,2161,2177
P_SpookyHouse,-14123,-14097,2165,2205
StoneBoulder,-14092,-14083,2120,2129
ForestBeacon,-14217,-14209,2267,2275
StoneLeafMound,-14294,-14285,2301,2308
StoneBoulder,-14291,-14282,2187,2196
StonePlantMound3,-14218,-14207,2097,2106
StonePlantMound2,-14225,-14212,2085,2097
RLCraft_DecentWitch,-14333,-14333,2202,2202
RLCraft_UndergroundRuin2,-14338,-14328,2197,2204
StonePlantMound2,-14282,-14269,2343,2355
DinosaurSkull,-14244,-14225,2077,2088
StonePlantBoulder,-14314,-14304,2326,2336
StonePlantMound1,-14322,-14316,2349,2355
