UndergroundCultChamber,-12381,-12349,2535,2577
RLCraft_BasicCaveSpider,-12322,-12322,2443,2443
RLCraft_UndergroundRuin1,-12328,-12319,2437,2446
UndergroundCrypt,-12401,-12387,2385,2413
DinosaurSkull,-12296,-12285,2059,2078
SeasonsGreenhouse,-12302,-12292,2057,2069
P_VillageFarmhouse,-12318,-12306,2057,2069
RLCraft_BasicWitch,-12394,-12394,2178,2178
RLCraft_UndergroundRuin1,-12400,-12391,2175,2184
RLCraft_SmallUndergroundSkeleton,-12529,-12521,2203,2211
RLCraft_BasicSpider,-12547,-12547,2249,2249
RLCraft_UndergroundRuin1,-12553,-12544,2243,2252
StoneMazePathBig,-12610,-12602,2065,2073
StoneMazePathBig,-12613,-12605,2050,2058
StoneMazePathBig,-12604,-12596,2050,2058
StoneMazePathBig,-12601,-12593,2065,2073
StoneMazePathBig,-12601,-12593,2074,2082
StoneMazePath,-12592,-12590,2068,2070
StoneMazePathBig,-12619,-12611,2065,2073
StoneMazePath,-12598,-12596,2083,2085
StoneMazePath,-12592,-12590,2065,2067
StoneMazePath,-12616,-12614,2074,2076
StoneMazePath,-12595,-12593,2083,2085
StoneMazePath,-12616,-12614,2077,2079
StoneMazeSpiderRoom,-12595,-12590,2050,2055
StoneMazePath,-12598,-12596,2062,2064
StoneMazePath,-12601,-12599,2062,2064
StoneMazeShootingRange,-12622,-12617,2074,2082
StoneMazePath,-12601,-12599,2059,2061
StoneMazePath,-12598,-12596,2059,2061
StoneMazePathBig,-12622,-12614,2050,2058
StoneMazePath,-12625,-12623,2074,2076
StoneMazePath,-12592,-12590,2062,2064
StoneMazePath,-12592,-12590,2083,2085
StoneMazeStudy,-12628,-12620,2059,2073
StoneMazePath,-12616,-12614,2062,2064
StoneMazeShootingRange,-12631,-12623,2077,2082
StoneMazePath,-12595,-12593,2062,2064
StoneMazePath,-12625,-12623,2083,2085
StoneMazePath,-12589,-12587,2062,2064
StoneMazePath,-12589,-12587,2059,2061
StoneMazePath,-12613,-12611,2074,2076
StoneMazePath,-12589,-12587,2065,2067
StoneMazePath,-12628,-12626,2074,2076
StoneMazeEndChest,-12622,-12620,2065,2067
StoneMazeEndChest,-12625,-12623,2053,2055
StoneMazePath,-12592,-12590,2059,2061
StoneMazePath,-12589,-12587,2083,2085
StoneMazePath,-12586,-12584,2059,2061
StoneMazeEndChest,-12619,-12617,2062,2064
StoneMazePath,-12595,-12593,2059,2061
StoneMazePath,-12619,-12617,2047,2049
StoneMazePath,-12595,-12593,2056,2058
StoneMazeEndChest,-12613,-12611,2062,2064
StoneMazePath,-12610,-12608,2074,2076
StoneMazePath,-12610,-12608,2077,2079
StoneMazePath,-12616,-12614,2047,2049
StoneMazePath,-12616,-12614,2059,2061
StoneMazePath,-12631,-12629,2074,2076
StoneMazePath,-12592,-12590,2056,2058
StoneMazePath,-12589,-12587,2056,2058
StoneMazePath,-12586,-12584,2056,2058
StoneMazePath,-12631,-12629,2071,2073
StoneMazeEndChest,-12586,-12584,2083,2085
StoneMazePath,-12589,-12587,2053,2055
StoneMazePath,-12631,-12629,2068,2070
StoneMazePath,-12631,-12629,2065,2067
StoneMazePath,-12628,-12626,2047,2049
StoneMazePath,-12604,-12602,2062,2064
StoneMazePath,-12628,-12626,2050,2052
StoneMazePath,-12631,-12629,2047,2049
StoneMazeEndChest,-12628,-12626,2083,2085
StoneMazePath,-12631,-12629,2050,2052
StoneMazePath,-12604,-12602,2059,2061
StoneMazePath,-12631,-12629,2062,2064
StoneMazePath,-12631,-12629,2059,2061
StoneMazePath,-12625,-12623,2050,2052
StoneMazePath,-12631,-12629,2053,2055
StoneMazePath,-12607,-12605,2074,2076
StoneMazePath,-12604,-12602,2074,2076
StoneMazePath,-12631,-12629,2056,2058
StoneMazeEndChest,-12604,-12602,2077,2079
StoneMazePagoda,-12631,-12584,2038,2085
StonePlantMound,-12722,-12717,2061,2066
StonePlantMound4,-12768,-12761,2076,2083
