StonePlantMound2,-14864,-14852,2600,2613
RLCraft_BasicWitch,-14957,-14957,2676,2676
RLCraft_UndergroundRuin1,-14963,-14954,2670,2679
StonePlantBoulder,-14963,-14953,2682,2692
StonePlantMound3,-14913,-14902,2581,2590
StonePlantMound2,-14971,-14958,2555,2567
BrickHenge,-14966,-14950,2573,2589
StonePlantMound2,-15127,-15115,2559,2572
StonePlantMound,-15173,-15168,2558,2563
StoneLeafMound,-15219,-15210,2574,2581
StonePlantMound1,-15086,-15080,2584,2590
StonePlantMound3,-15088,-15079,2602,2613
StonePlantMound,-15232,-15227,2634,2639
StonePlantMound2,-15290,-15278,2579,2592
StonePlantMound4,-15140,-15133,2685,2692
P_Crater,-15350,-15274,2586,2669
StonePlantMound3,-15214,-15203,2743,2752
StonePlantMound2,-15113,-15101,2733,2746
StonePlantMound3,-15115,-15106,2781,2792
StonePlantMound,-15073,-15068,2744,2749
StonePlantMound3,-15076,-15067,2756,2767
StonePlantMound,-15072,-15067,2832,2837
DinosaurSkeleton,-15234,-15188,2796,2805
StonePlantMound4,-15220,-15213,2815,2822
