StoneLeafMound,-11792,-11783,3038,3045
StonePlantMound4,-11809,-11802,2967,2974
StoneBoulder,-11821,-11812,2945,2954
StoneMazeShootingRange,-11820,-11815,2801,2809
StoneMazeStudy,-11841,-11833,2786,2800
StoneMazePath,-11850,-11848,2798,2800
StoneMazePath,-11823,-11821,2801,2803
StoneMazePath,-11823,-11821,2804,2806
StoneMazePath,-11847,-11845,2798,2800
StoneMazePath,-11844,-11842,2798,2800
StoneMazePathBig,-11832,-11824,2798,2806
StoneMazePath,-11850,-11848,2801,2803
StoneMazePath,-11823,-11821,2798,2800
StoneMazePath,-11841,-11839,2792,2794
StoneMazePath,-11847,-11845,2801,2803
StoneMazePath,-11823,-11821,2807,2809
StoneMazePath,-11826,-11824,2807,2809
StoneMazePath,-11826,-11824,2810,2812
StoneMazePath,-11823,-11821,2795,2797
StoneMazePath,-11820,-11818,2795,2797
StoneMazePath,-11826,-11824,2813,2815
StoneMazePath,-11847,-11845,2804,2806
StoneMazePathBig,-11838,-11830,2813,2821
StoneMazePath,-11823,-11821,2792,2794
StoneMazePath,-11844,-11842,2795,2797
StoneMazePath,-11844,-11842,2801,2803
StoneMazePath,-11817,-11815,2795,2797
StoneMazePath,-11820,-11818,2792,2794
StoneMazePath,-11817,-11815,2792,2794
StoneMazePath,-11844,-11842,2792,2794
StoneMazePath,-11841,-11839,2816,2818
StoneMazePath,-11829,-11827,2816,2818
StoneMazePath,-11844,-11842,2804,2806
StoneMazePath,-11826,-11824,2795,2797
StoneMazePath,-11841,-11839,2804,2806
StoneMazePath,-11850,-11848,2804,2806
StoneMazePath,-11850,-11848,2807,2809
StoneMazePath,-11835,-11833,2810,2812
StoneMazeEndChest,-11841,-11839,2801,2803
StoneMazePath,-11826,-11824,2816,2818
StoneMazePath,-11841,-11839,2807,2809
StoneMazePath,-11826,-11824,2792,2794
StoneMazePath,-11823,-11821,2816,2818
StoneMazePath,-11838,-11836,2807,2809
StoneMazePath,-11838,-11836,2804,2806
StoneMazePath,-11841,-11839,2813,2815
StoneMazePath,-11844,-11842,2816,2818
StoneMazePath,-11844,-11842,2819,2821
StoneMazeEndChest,-11844,-11842,2813,2815
StoneMazePath,-11829,-11827,2807,2809
StoneMazeEndChest,-11829,-11827,2813,2815
StoneMazeEndChest,-11847,-11845,2807,2809
StoneMazePath,-11832,-11830,2810,2812
StoneMazeEndChest,-11838,-11836,2801,2803
StoneMazeEndChest,-11844,-11842,2807,2809
StoneMazePath,-11829,-11827,2792,2794
StoneMazePath,-11829,-11827,2795,2797
StoneMazeEndChest,-11829,-11827,2819,2821
StoneMazePath,-11832,-11830,2795,2797
StoneMazePath,-11835,-11833,2807,2809
StoneMazePath,-11829,-11827,2789,2791
StoneMazePath,-11847,-11845,2816,2818
StoneMazeEndChest,-11850,-11848,2816,2818
StoneMazePath,-11835,-11833,2804,2806
StoneMazeEndChest,-11826,-11824,2789,2791
StoneMazeEndChest,-11841,-11839,2819,2821
StoneMazeEndChest,-11829,-11827,2810,2812
StoneMazePath,-11832,-11830,2789,2791
StoneMazePath,-11847,-11845,2819,2821
StoneMazeEndChest,-11850,-11848,2819,2821
StoneMazePath,-11832,-11830,2786,2788
StoneMazePath,-11829,-11827,2786,2788
StoneMaze,-11850,-11815,2786,2821
RLCraft_DecentWitch,-11863,-11863,2683,2683
RLCraft_UndergroundRuin3,-11866,-11858,2677,2685
StonePlantBoulder,-12017,-12007,2829,2839
P_SpookyHouse,-12113,-12087,2732,2772
RLCraft_SwampHut,-12093,-12053,2812,2844
RLCraft_LargeUndergroundTown,-12099,-11962,2743,2856
RLCraft_SmallUndergroundSkeleton,-12004,-11996,2675,2683
RLCraft_DecentWitch,-12133,-12133,2785,2785
RLCraft_UndergroundRuin2,-12138,-12128,2783,2790
RLCraft_DecentCaveSpider,-12194,-12194,2836,2836
RLCraft_UndergroundRuin3,-12197,-12189,2830,2838
StonePlantMound3,-12091,-12080,2878,2887
StoneLeafMound,-12218,-12211,2842,2851
SmallWoodenCottage,-12237,-12226,2580,2588
StonePlantMound,-12290,-12285,2777,2782
MeteorSite,-12266,-12251,2550,2580
