IceThorn,-17734,-17708,1429,1444
RLCraft_SmallUndergroundSkeleton,-17745,-17737,1438,1446
RLCraft_FriendlyOutpost,-17766,-17727,1452,1520
RLCraft_DecentSkeleton,-17801,-17801,1534,1534
RLCraft_UndergroundRuin3,-17807,-17799,1529,1537
BrickHenge,-17729,-17713,1359,1375
StonePlantBoulder,-17725,-17715,1326,1336
DinosaurSkeleton,-17877,-17831,1372,1381
StonePlantMound,-17637,-17632,1335,1340
SmallAbandonedMine,-17696,-17671,1271,1286
StoneLeafMound,-17726,-17719,1220,1229
MonolythHoly,-17657,-17643,1203,1217
StonePlantMound2,-17754,-17742,1196,1209
StoneMazeStudy,-17662,-17654,1203,1217
StoneMazePath,-17677,-17675,1197,1199
StoneMazePath,-17656,-17654,1182,1184
StoneMazeStudy,-17674,-17660,1194,1202
StoneMazePath,-17668,-17666,1200,1202
StoneMazeEndChest,-17668,-17666,1203,1205
StoneMazePath,-17644,-17642,1194,1196
StoneMazeShootingRange,-17656,-17648,1185,1190
StoneMazePath,-17647,-17645,1194,1196
StoneMazePath,-17677,-17675,1194,1196
StoneMazePath,-17677,-17675,1200,1202
StoneMazePath,-17677,-17675,1191,1193
StoneMazePath,-17677,-17675,1203,1205
StoneMazePath,-17647,-17645,1197,1199
StoneMazePath,-17644,-17642,1197,1199
StoneMazePath,-17674,-17672,1203,1205
StoneMazePath,-17647,-17645,1191,1193
StoneMazePath,-17656,-17654,1209,1211
StoneMazePath,-17650,-17648,1191,1193
StoneMazePath,-17671,-17669,1203,1205
StoneMazePath,-17650,-17648,1194,1196
StoneMazeFountain,-17659,-17651,1191,1199
StoneMazePath,-17659,-17657,1182,1184
StoneMazePath,-17650,-17648,1197,1199
StoneMazePathBig,-17653,-17645,1206,1214
StoneMazePath,-17644,-17642,1200,1202
StoneMazePath,-17677,-17675,1188,1190
StoneMazePath,-17647,-17645,1188,1190
StoneMazePath,-17647,-17645,1200,1202
StoneMazeEndChest,-17644,-17642,1191,1193
StoneMazeFountain,-17674,-17666,1185,1193
StoneMazePath,-17650,-17648,1203,1205
StoneMazePath,-17677,-17675,1185,1187
StoneMazePath,-17650,-17648,1215,1217
StoneMazePath,-17644,-17642,1209,1211
StoneMazePath,-17665,-17663,1188,1190
StoneMazePath,-17650,-17648,1200,1202
StoneMazePath,-17644,-17642,1203,1205
StoneMazePath,-17662,-17660,1182,1184
StoneMazePath,-17656,-17654,1200,1202
StoneMazePath,-17665,-17663,1191,1193
StoneMazePath,-17647,-17645,1215,1217
StoneMazePathBig,-17674,-17666,1206,1214
StoneMazePath,-17653,-17651,1200,1202
StoneMazePath,-17665,-17663,1209,1211
StoneMazePath,-17653,-17651,1215,1217
StoneMazeEndChest,-17671,-17669,1182,1184
StoneMazePath,-17644,-17642,1212,1214
StoneMazeEndChest,-17644,-17642,1206,1208
StoneMazeEndChest,-17665,-17663,1206,1208
StoneMazeEndChest,-17665,-17663,1212,1214
StoneMazePath,-17665,-17663,1182,1184
StoneMazePath,-17665,-17663,1185,1187
StoneMazePath,-17662,-17660,1188,1190
StoneMazeEndChest,-17647,-17645,1203,1205
StoneMazeEndChest,-17662,-17660,1191,1193
StoneMazeEndChest,-17659,-17657,1188,1190
StoneMazePath,-17677,-17675,1209,1211
StoneMazePath,-17677,-17675,1212,1214
StoneMazePath,-17677,-17675,1215,1217
StoneMazePath,-17671,-17669,1215,1217
StoneMazePath,-17668,-17666,1215,1217
StoneMazeEndChest,-17665,-17663,1215,1217
StoneMazePath,-17662,-17660,1185,1187
StoneMazePath,-17659,-17657,1185,1187
StoneMazePath,-17674,-17672,1215,1217
StoneMaze,-17677,-17642,1182,1217
RLCraft_SmallUndergroundSkeleton,-17610,-17602,1286,1294
WoodThorn,-17737,-17726,1182,1193
SmallWoodenCottage,-17915,-17907,1169,1180
PeacefulCrypt,-17741,-17717,1098,1114
StonePlantMound1,-17572,-17566,1206,1212
RLCraft_DecentCaveSpider,-17504,-17504,1203,1203
RLCraft_UndergroundRuin2,-17509,-17502,1198,1208
StoneIceBoulder3,-17490,-17480,1058,1068
StonePlantMound1,-17463,-17457,1323,1329
StoneLeafMound,-17843,-17836,1068,1077
StoneIceBoulder1,-17907,-17897,1070,1080
