StoneLeafMound,-15883,-15876,2564,2573
StonePlantMound2,-15933,-15920,2607,2619
StoneBoulder,-15959,-15950,2639,2648
WoodWallRemains,-15966,-15958,2734,2762
RLCraft_LargeUndergroundTown,-15990,-15877,2663,2800
StonePlantMound4,-16030,-16023,2667,2674
StonePlantMound4,-16054,-16047,2586,2593
ClayWaterMound,-16048,-16040,2661,2668
StonePlantMound4,-16049,-16042,2728,2735
StonePlantMound3,-16112,-16103,2635,2646
StonePlantMound,-16087,-16082,2792,2797
PirateChest,-16170,-16166,2688,2692
StonePlantMound4,-16146,-16139,2619,2626
StonePlantMound2,-16228,-16215,2788,2800
WoodWallRemains,-16185,-16177,2858,2886
StonePlantMound1,-16088,-16082,2903,2909
WoodWallRemains,-16320,-16292,2943,2951
StonePlantMound4,-16264,-16257,3001,3008
