RLCraft_SmallUndergroundSkeleton,-2042,-2034,11444,11452
StonePlantMound3,-2029,-2020,11508,11519
SmallWoodenCottage1,-1995,-1989,11493,11504
StonePlantBoulder,-1985,-1975,11397,11407
StonePlantBoulder,-1944,-1934,11463,11473
StonePlantMound,-2029,-2024,11346,11351
RLCraft_SmallUndergroundSkeleton,-1932,-1924,11546,11554
RLCraft_4Towers,-1931,-1879,11420,11480
RLCraft_SmallUndergroundSkeleton,-1863,-1855,11436,11444
P_RuinedHouse,-2016,-1991,11276,11293
RLCraft_LargeUndergroundTown,-2047,-1910,11208,11321
StoneMazeStudy,-1856,-1842,11468,11476
StoneMazePath,-1850,-1848,11474,11476
StoneMazePath,-1841,-1839,11453,11455
StoneMazePath,-1850,-1848,11477,11479
StoneMazeEndChest,-1847,-1845,11477,11479
StoneMazePath,-1811,-1809,11474,11476
StoneMazePath,-1811,-1809,11471,11473
StoneMazePath,-1814,-1812,11474,11476
StoneMazeFountain,-1853,-1845,11480,11488
StoneMazePath,-1856,-1854,11483,11485
StoneMazePath,-1811,-1809,11468,11470
StoneMazeEndChest,-1814,-1812,11468,11470
StoneMazePath,-1814,-1812,11471,11473
StoneMazePath,-1853,-1851,11477,11479
StoneMazePathBig,-1844,-1836,11480,11488
StoneMazeShootingRange,-1820,-1812,11477,11482
StoneMazePath,-1811,-1809,11465,11467
StoneMazeSpiderRoom,-1814,-1809,11483,11488
StoneMazePath,-1856,-1854,11477,11479
StoneMazeEndChest,-1856,-1854,11480,11482
StoneMazePath,-1856,-1854,11486,11488
StoneMazeShootingRange,-1835,-1827,11495,11500
StoneMazePath,-1856,-1854,11489,11491
StoneMazePath,-1817,-1815,11474,11476
StoneMazePathBig,-1832,-1824,11486,11494
StoneMazePathBig,-1832,-1824,11477,11485
StoneMazePath,-1838,-1836,11453,11455
StoneMazePath,-1853,-1851,11489,11491
StoneMazePath,-1811,-1809,11477,11479
StoneMazePath,-1850,-1848,11489,11491
StoneMazePath,-1814,-1812,11465,11467
StoneMazeFountain,-1823,-1815,11462,11470
StoneMazePathBig,-1832,-1824,11462,11470
StoneMazePathBig,-1823,-1815,11486,11494
StoneMazePath,-1820,-1818,11459,11461
StoneMazeLitRoom,-1853,-1848,11492,11497
StoneMazePath,-1847,-1845,11495,11497
StoneMazePath,-1847,-1845,11498,11500
StoneMazePath,-1856,-1854,11492,11494
StoneMazePath,-1820,-1818,11483,11485
StoneMazePath,-1856,-1854,11495,11497
StoneMazePath,-1844,-1842,11498,11500
StoneMazePath,-1844,-1842,11495,11497
StoneMazePath,-1829,-1827,11471,11473
StoneMazePath,-1847,-1845,11492,11494
StoneMazeSpiderRoom,-1835,-1830,11471,11476
StoneMazePath,-1835,-1833,11453,11455
StoneMazeEndChest,-1823,-1821,11459,11461
StoneMazePath,-1835,-1833,11465,11467
StoneMazePath,-1847,-1845,11489,11491
StoneMazePath,-1826,-1824,11471,11473
StoneMazePath,-1814,-1812,11489,11491
StoneMazePath,-1856,-1854,11498,11500
StoneMazePath,-1823,-1821,11471,11473
StoneMazePath,-1838,-1836,11456,11458
StoneMazePath,-1850,-1848,11498,11500
StoneMazePath,-1844,-1842,11489,11491
StoneMazeFountain,-1832,-1824,11453,11461
StoneMazePath,-1835,-1833,11456,11458
StoneMazePath,-1811,-1809,11462,11464
StoneMazeEndChest,-1835,-1833,11468,11470
StoneMazePath,-1835,-1833,11462,11464
StoneMazePath,-1853,-1851,11498,11500
StoneMazePath,-1820,-1818,11495,11497
StoneMazePath,-1823,-1821,11483,11485
StoneMazePath,-1811,-1809,11489,11491
StoneMazePath,-1826,-1824,11474,11476
StoneMazePath,-1820,-1818,11471,11473
StoneMazePath,-1835,-1833,11459,11461
StoneMazePath,-1838,-1836,11462,11464
StoneMazePath,-1820,-1818,11498,11500
StoneMazeSpiderRoom,-1814,-1809,11456,11461
StoneMazePath,-1820,-1818,11456,11458
StoneMazePath,-1844,-1842,11492,11494
StoneMazePath,-1823,-1821,11474,11476
StoneMazePath,-1838,-1836,11459,11461
StoneMazePath,-1820,-1818,11474,11476
StoneMazePath,-1841,-1839,11489,11491
StoneMazePath,-1838,-1836,11465,11467
StoneMazePath,-1841,-1839,11492,11494
StoneMazePath,-1817,-1815,11498,11500
StoneMazePath,-1823,-1821,11477,11479
StoneMazePath,-1823,-1821,11480,11482
StoneMazeSpiderRoom,-1826,-1821,11495,11500
StoneMazePath,-1820,-1818,11453,11455
StoneMazePath,-1817,-1815,11453,11455
StoneMazePath,-1841,-1839,11465,11467
StoneMazePath,-1841,-1839,11456,11458
StoneMazePath,-1829,-1827,11474,11476
StoneMazeEndChest,-1823,-1821,11453,11455
StoneMazePath,-1838,-1836,11468,11470
StoneMazePath,-1817,-1815,11495,11497
StoneMazePath,-1841,-1839,11462,11464
StoneMazePath,-1817,-1815,11456,11458
StoneMazePath,-1841,-1839,11459,11461
StoneMazeEndChest,-1844,-1842,11465,11467
StoneMazePath,-1844,-1842,11456,11458
StoneMazePath,-1814,-1812,11498,11500
StoneMazePath,-1838,-1836,11492,11494
StoneMazeEndChest,-1811,-1809,11480,11482
StoneMazePath,-1823,-1821,11456,11458
StoneMazePath,-1838,-1836,11471,11473
StoneMazePath,-1841,-1839,11471,11473
StoneMazePath,-1841,-1839,11474,11476
StoneMazeEndChest,-1841,-1839,11477,11479
StoneMazePath,-1814,-1812,11495,11497
StoneMazePath,-1844,-1842,11462,11464
StoneMazePath,-1838,-1836,11474,11476
StoneMazePath,-1838,-1836,11477,11479
StoneMazePath,-1844,-1842,11459,11461
StoneMazeEndChest,-1844,-1842,11453,11455
StoneMazePath,-1847,-1845,11462,11464
StoneMazePath,-1850,-1848,11462,11464
StoneMazePath,-1835,-1833,11477,11479
StoneMazeSpiderRoom,-1850,-1845,11456,11461
StoneMazePath,-1853,-1851,11462,11464
StoneMazePath,-1856,-1854,11462,11464
StoneMazePath,-1853,-1851,11465,11467
StoneMazePath,-1835,-1833,11480,11482
StoneMazePath,-1853,-1851,11459,11461
StoneMazePath,-1835,-1833,11483,11485
StoneMazePath,-1853,-1851,11456,11458
StoneMazePath,-1856,-1854,11465,11467
StoneMazePath,-1856,-1854,11456,11458
StoneMazePath,-1838,-1836,11489,11491
StoneMazePath,-1835,-1833,11489,11491
StoneMazePath,-1835,-1833,11486,11488
StoneMazeEndChest,-1856,-1854,11453,11455
StoneMazeEndChest,-1835,-1833,11492,11494
StoneMazePath,-1856,-1854,11459,11461
StoneMazeBig,-1856,-1809,11453,11500
StoneMazeStudy,-1909,-1901,11262,11276
StoneMazePath,-1903,-1901,11268,11270
StoneMazeShootingRange,-1900,-1895,11268,11276
StoneMazePath,-1894,-1892,11268,11270
StoneMazePath,-1894,-1892,11271,11273
StoneMazePath,-1894,-1892,11274,11276
StoneMazePath,-1897,-1895,11265,11267
StoneMazePath,-1894,-1892,11265,11267
StoneMazePath,-1900,-1898,11265,11267
StoneMazeSmall,-1915,-1892,11253,11276
DinosaurSkull,-1891,-1880,11259,11278
SmallWoodenCottage,-1782,-1774,11311,11322
ClayWaterMound1,-1769,-1759,11266,11277
