DinosaurSkull,-3459,-3440,10457,10468
StoneIceBoulder2,-3513,-3504,10345,10354
StoneIceBoulder3,-3431,-3421,10348,10358
StoneIceBoulder3,-3418,-3408,10259,10269
ShrineSmallAir,-3527,-3519,10622,10630
StoneIceBoulder2,-3383,-3374,10405,10414
StoneIceBoulder1,-3375,-3365,10316,10326
DinosaurSkull,-3206,-3187,10397,10408
RLCraft_BasicSkeleton,-3129,-3129,10291,10291
RLCraft_UndergroundRuin1,-3135,-3126,10288,10297
StoneIceBoulder3,-3112,-3102,10373,10383
StoneIceBoulder2,-3140,-3131,10268,10277
StoneIceBoulder2,-3090,-3081,10439,10448
