StoneBoulder,3003,3012,4079,4088
MysticalTree,2877,2893,4045,4060
StoneBoulder,2999,3008,4023,4032
StoneMazePath,2897,2899,3995,3997
StoneMazePathBig,2897,2905,4004,4012
StoneMazePath,2894,2896,4007,4009
StoneMazePathBig,2906,2914,4004,4012
StoneMazeStudy,2894,2902,3980,3994
StoneMazePath,2894,2896,4004,4006
StoneMazePath,2915,2917,4007,4009
StoneMazePath,2918,2920,4007,4009
StoneMazePath,2915,2917,4004,4006
StoneMazePath,2915,2917,4010,4012
StoneMazePath,2918,2920,4010,4012
StoneMazePath,2900,2902,3986,3988
StoneMazeShootingRange,2903,2908,3986,3994
StoneMazePath,2918,2920,4013,4015
StoneMazePath,2915,2917,4013,4015
StoneMazeShootingRange,2909,2917,4016,4021
StoneMazePath,2921,2923,4013,4015
StoneMazePath,2921,2923,4007,4009
StoneMazeEndChest,2918,2920,4004,4006
StoneMazePath,2921,2923,4010,4012
StoneMazePath,2915,2917,4022,4024
StoneMazePath,2918,2920,4016,4018
StoneMazePath,2912,2914,4013,4015
StoneMazePath,2918,2920,4019,4021
StoneMazeFountain,2909,2917,3983,3991
StoneMazePath,2918,2920,3986,3988
StoneMazePath,2921,2923,4019,4021
StoneMazePath,2912,2914,4022,4024
StoneMazeEndChest,2921,2923,4022,4024
StoneMazePath,2909,2911,4022,4024
StoneMazePath,2921,2923,4016,4018
StoneMazePath,2918,2920,3983,3985
StoneMazePath,2921,2923,3986,3988
StoneMazePath,2906,2908,4022,4024
StoneMazeShootingRange,2900,2905,4016,4024
StoneMazePath,2918,2920,3980,3982
StoneMazePath,2897,2899,4022,4024
StoneMazeEndChest,2921,2923,3983,3985
StoneMazePath,2915,2917,3980,3982
StoneMazePath,2912,2914,3980,3982
StoneMazePath,2918,2920,3989,3991
StoneMazeFountain,2915,2923,3992,4000
StoneMazePath,2912,2914,3992,3994
StoneMazePath,2897,2899,4019,4021
StoneMazePath,2897,2899,4016,4018
StoneMazePath,2897,2899,4013,4015
StoneMazePath,2909,2911,3980,3982
StoneMazePath,2900,2902,4013,4015
StoneMazePath,2909,2911,3977,3979
StoneMazePath,2912,2914,3995,3997
StoneMazePath,2894,2896,4013,4015
StoneMazeEndChest,2894,2896,4010,4012
StoneMazePath,2903,2905,4013,4015
StoneMazePath,2918,2920,4001,4003
StoneMazeFountain,2885,2893,4010,4018
StoneMazePath,2912,2914,3998,4000
StoneMazePath,2909,2911,3995,3997
StoneMazePath,2906,2908,3980,3982
StoneMazePath,2888,2890,4007,4009
StoneMazePath,2903,2905,3980,3982
StoneMazePath,2885,2887,4007,4009
StoneMazeEndChest,2903,2905,3983,3985
StoneMazeEndChest,2906,2908,3983,3985
StoneMazeLitRoom,2882,2887,4001,4006
StoneMazePath,2885,2887,3998,4000
StoneMazeEndChest,2888,2890,4019,4021
StoneMazePath,2903,2905,3977,3979
StoneMazePath,2882,2884,3998,4000
StoneMazePath,2900,2902,3977,3979
StoneMazeLitRoom,2888,2893,3995,4000
StoneMazePath,2879,2881,4004,4006
StoneMazePath,2897,2899,3977,3979
StoneMazePath,2906,2908,3977,3979
StoneMazePath,2891,2893,4001,4003
StoneMazePath,2879,2881,4001,4003
StoneMazePath,2888,2890,4001,4003
StoneMazePath,2912,2914,4001,4003
StoneMazePath,2888,2890,3992,3994
StoneMazePath,2876,2878,4004,4006
StoneMazePath,2894,2896,3977,3979
StoneMazeEndChest,2876,2878,4001,4003
StoneMazeEndChest,2894,2896,3995,3997
StoneMazeEndChest,2894,2896,3998,4000
StoneMazePath,2885,2887,3995,3997
StoneMazePath,2888,2890,4004,4006
StoneMazePath,2891,2893,4004,4006
StoneMazePath,2891,2893,3992,3994
StoneMazeEndChest,2894,2896,4001,4003
StoneMazePath,2882,2884,4007,4009
StoneMazePath,2891,2893,3977,3979
StoneMazeSpiderRoom,2903,2908,3995,4000
StoneMazePath,2909,2911,4001,4003
StoneMazePath,2888,2890,3989,3991
StoneMazePath,2885,2887,3989,3991
StoneMazePath,2891,2893,3989,3991
StoneMazePath,2882,2884,4010,4012
StoneMazeShootingRange,2876,2884,4013,4018
StoneMazeEndChest,2882,2884,4019,4021
StoneMazePath,2882,2884,3995,3997
StoneMazePath,2888,2890,3986,3988
StoneMazePath,2882,2884,3989,3991
StoneMazeEndChest,2891,2893,4007,4009
StoneMazePath,2879,2881,3995,3997
StoneMazePath,2885,2887,3992,3994
StoneMazePath,2906,2908,4001,4003
StoneMazePath,2879,2881,3992,3994
StoneMazeEndChest,2903,2905,4001,4003
StoneMazePath,2876,2878,3995,3997
StoneMazePath,2879,2881,3998,4000
StoneMazeShootingRange,2879,2887,3983,3988
StoneMazePath,2891,2893,3980,3982
StoneMazePath,2882,2884,3992,3994
StoneMazePath,2876,2878,3992,3994
StoneMazePath,2915,2917,4001,4003
StoneMazePath,2879,2881,4007,4009
StoneMazeEndChest,2876,2878,4007,4009
StoneMazePath,2888,2890,3983,3985
StoneMazePath,2879,2881,3989,3991
StoneMazePath,2888,2890,3980,3982
StoneMazePath,2879,2881,4010,4012
StoneMazePath,2891,2893,3983,3985
StoneMazePath,2876,2878,3989,3991
StoneMazeSpiderRoom,2882,2887,3977,3982
StoneMazeEndChest,2888,2890,3977,3979
StoneMazeEndChest,2876,2878,3998,4000
StoneMazePagoda,2876,2923,3977,4024
StoneLeafMound,2680,2687,3880,3889
RLCraft_DecentCaveSpider,2575,2575,3828,3828
RLCraft_UndergroundRuin2,2570,2577,3823,3833
StonePlantMound2,2666,2678,3813,3826
StonePlantMound3,2598,2607,3802,3813
StonePlantMound3,2635,2644,3781,3792
WoodWallRemains,2585,2613,3767,3775
